0 0
0.004 0
0.008 0
0.012 -0.000005
0.016 0
0.02 0.00002
0.024 0
0.028 0
0.032 0
0.036 0
0.04 0.000005
0.044 0.00002
0.048 0.000005
0.052 0.000005
0.056 0.00002
0.06 0.000015
0.064 0.00001
0.068 0.00002
0.072 0.000025
0.076 0.00002
0.08 0.000025
0.084 0.000025
0.088 0.00004
0.092 0.000045
0.096 0.00003
0.1 0.000035
0.104 0.00004
0.108 0.00004
0.112 0.00005
0.116 0.000055
0.12 0.00006
0.124 0.000045
0.128 0.00005
0.132 0.000055
0.136 0.000045
0.14 0.000055
0.144 0.00006
0.148 0.00005
0.152 0.000055
0.156 0.000045
0.16 0.00006
0.164 0.000045
0.168 0.000055
0.172 0.00005
0.176 0.000065
0.18 0.00006
0.184 0.00006
0.188 0.00008
0.192 0.00006
0.196 0.00006
0.2 0.00007
0.204 0.00007
0.208 0.00007
0.212 0.00006
0.216 0.000075
0.22 0.00008
0.224 0.00008
0.228 0.000075
0.232 0.00008
0.236 0.00008
0.24 0.00007
0.244 0.00007
0.248 0.00006
0.252 0.00008
0.256 0.00008
0.26 0.000075
0.264 0.00008
0.268 0.00008
0.272 0.00006
0.276 0.000065
0.28 0.00008
0.284 0.00006
0.288 0.00007
0.292 0.00006
0.296 0.000085
0.3 0.00007
0.304 0.000085
0.308 0.000065
0.312 0.000095
0.316 0.000075
0.32 0.0001
0.324 0.00008
0.328 0.000075
0.332 0.000075
0.336 0.000085
0.34 0.0001
0.344 0.000095
0.348 0.000085
0.352 0.00011
0.356 0.00009
0.36 0.000095
0.364 0.0001
0.368 0.00009
0.372 0.000105
0.376 0.000115
0.38 0.00014
0.384 0.000125
0.388 0.000125
0.392 0.00012
0.396 0.000115
0.4 0.000115
0.404 0.000125
0.408 0.000105
0.412 0.000105
0.416 0.00009
0.42 0.0001
0.424 0.00008
0.428 0.00009
0.432 0.00007
0.436 0.00008
0.44 0.000065
0.444 0.00008
0.448 0.00006
0.452 0.00007
0.456 0.00008
0.46 0.00008
0.464 0.00007
0.468 0.00008
0.472 0.000075
0.476 0.00006
0.48 0.00007
0.484 0.000075
0.488 0.000075
0.492 0.00008
0.496 0.0001
0.5 0.00008
0.504 0.000065
0.508 0.00011
0.512 0.00016
0.516 0.000225
0.52 0.0003
0.524 0.00046
0.528 0.000655
0.532 0.000825
0.536 0.00088
0.54 0.00071
0.544 0.000435
0.548 0.000075
0.552 -0.00023
0.556 -0.000345
0.56 -0.00034
0.564 -0.00023
0.568 -0.00012
0.572 -0.000045
0.576 -0.000015
0.58 0.000025
0.584 0.00004
0.588 0.00006
0.592 0.000075
0.596 0.00008
0.6 0.00008
0.604 0.00008
0.608 0.000075
0.612 0.000085
0.616 0.000085
0.62 0.0001
0.624 0.00008
0.628 0.00008
0.632 0.000095
0.636 0.000095
0.64 0.0001
0.644 0.0001
0.648 0.00008
0.652 0.0001
0.656 0.000105
0.66 0.0001
0.664 0.00012
0.668 0.000105
0.672 0.000125
0.676 0.00013
0.68 0.00012
0.684 0.000125
0.688 0.00012
0.692 0.00013
0.696 0.00014
0.7 0.00014
0.704 0.000145
0.708 0.000145
0.712 0.000165
0.716 0.00016
0.72 0.00015
0.724 0.00016
0.728 0.000175
0.732 0.000175
0.736 0.00019
0.74 0.00019
0.744 0.000195
0.748 0.0002
0.752 0.000205
0.756 0.0002
0.76 0.00021
0.764 0.0002
0.768 0.000225
0.772 0.00022
0.776 0.000235
0.78 0.00024
0.784 0.000235
0.788 0.000235
0.792 0.000225
0.796 0.00022
0.8 0.000205
0.804 0.00022
0.808 0.000215
0.812 0.000205
0.816 0.0002
0.82 0.000175
0.824 0.000155
0.828 0.00016
0.832 0.00012
0.836 0.00011
0.84 0.00009
0.844 0.000085
0.848 0.00006
0.852 0.00004
0.856 0.000035
0.86 0.00002
0.864 0.000025
0.868 0.000015
0.872 0
0.876 0
0.88 0
0.884 -0.000005
0.888 -0.00001
0.892 -0.000005
0.896 0.000005
0.9 0
0.904 -0.00002
0.908 -0.000005
0.912 0
0.916 0.000015
0.92 0
0.924 -0.000005
0.928 0.000005
0.932 0.000015
0.936 0
0.94 0
0.944 0
0.948 0.000005
0.952 0.00002
0.956 0.000015
0.96 0.000005
0.964 0.000015
0.968 0.00002
0.972 0.00002
0.976 0.00002
0.98 0.00003
0.984 0.000025
0.988 0.00002
0.992 0.00002
0.996 0.00002
1 0.00002
1.004 0.000025
1.008 0.00003
1.012 0.00004
1.016 0.00002
1.02 0.00004
1.024 0.000045
1.028 0.000035
1.032 0.00004
1.036 0.00005
1.04 0.000045
1.044 0.000045
1.048 0.00005
1.052 0.00004
1.056 0.000045
1.06 0.00004
1.064 0.00003
1.068 0.00004
1.072 0.00005
1.076 0.000045
1.08 0.00004
1.084 0.000065
1.088 0.00006
1.092 0.00004
1.096 0.000065
1.1 0.00005
1.104 0.000065
1.108 0.00006
1.112 0.00005
1.116 0.00007
1.12 0.000045
1.124 0.00005
1.128 0.00006
1.132 0.000065
1.136 0.00008
1.14 0.000055
1.144 0.00006
1.148 0.00006
1.152 0.00008
1.156 0.00008
1.16 0.000065
1.164 0.000075
1.168 0.00007
1.172 0.00007
1.176 0.000065
1.18 0.000065
1.184 0.000075
1.188 0.000065
1.192 0.00007
1.196 0.000065
1.2 0.000075
1.204 0.00007
1.208 0.00008
1.212 0.000075
1.216 0.00008
1.22 0.00007
1.224 0.000095
1.228 0.000075
1.232 0.000095
1.236 0.00009
1.24 0.00011
1.244 0.000095
1.248 0.00011
1.252 0.0001
1.256 0.000105
1.26 0.000125
1.264 0.000125
1.268 0.000135
1.272 0.000135
1.276 0.00014
1.28 0.000125
1.284 0.00012
1.288 0.00011
1.292 0.00011
1.296 0.00009
1.3 0.0001
1.304 0.000085
1.308 0.000085
1.312 0.00007
1.316 0.00008
1.32 0.00006
1.324 0.000075
1.328 0.000055
1.332 0.000055
1.336 0.00006
1.34 0.00006
1.344 0.000065
1.348 0.00007
1.352 0.00008
1.356 0.00006
1.36 0.00008
1.364 0.00006
1.368 0.000085
1.372 0.00007
1.376 0.00009
1.38 0.00007
1.384 0.00008
1.388 0.000075
1.392 0.00008
1.396 0.00013
1.4 0.00016
1.404 0.000225
1.408 0.00036
1.412 0.000545
1.416 0.00076
1.42 0.00093
1.424 0.000945
1.428 0.000705
1.432 0.000345
1.436 -0.00006
1.44 -0.0003
1.444 -0.0004
1.448 -0.000345
1.452 -0.000215
1.456 -0.000115
1.46 -0.00006
1.464 -0.00001
1.468 0.00002
1.472 0.00007
1.476 0.00006
1.48 0.000075
1.484 0.00006
1.488 0.000075
1.492 0.00007
1.496 0.000085
1.5 0.000095
1.504 0.000085
1.508 0.00008
1.512 0.00009
1.516 0.000095
1.52 0.00009
1.524 0.0001
1.528 0.0001
1.532 0.000115
1.536 0.0001
1.54 0.000115
1.544 0.000115
1.548 0.000105
1.552 0.00012
1.556 0.00012
1.56 0.000125
1.564 0.00012
1.568 0.00012
1.572 0.00014
1.576 0.00012
1.58 0.000125
1.584 0.00015
1.588 0.000135
1.592 0.00014
1.596 0.00016
1.6 0.00015
1.604 0.00015
1.608 0.00018
1.612 0.000165
1.616 0.000165
1.62 0.000175
1.624 0.00019
1.628 0.000185
1.632 0.0002
1.636 0.00021
1.64 0.00021
1.644 0.00022
1.648 0.000215
1.652 0.000225
1.656 0.00024
1.66 0.000235
1.664 0.00022
1.668 0.00024
1.672 0.000225
1.676 0.00022
1.68 0.00024
1.684 0.00024
1.688 0.000235
1.692 0.00024
1.696 0.000215
1.7 0.00021
1.704 0.000205
1.708 0.000195
1.712 0.00018
1.716 0.000155
1.72 0.000145
1.724 0.000145
1.728 0.0001
1.732 0.000095
1.736 0.00007
1.74 0.000065
1.744 0.00004
1.748 0.00003
1.752 0.00004
1.756 0.00003
1.76 0.000015
1.764 0.000015
1.768 0.00001
1.772 0
1.776 0
1.78 0.000005
1.784 -0.00001
1.788 0
1.792 0.000005
